% start	end	CellId	IMSI	RNTI	LCID	nTxPDUs	TxBytes	nRxPDUs	RxBytes	delay	stdDev	min	max	PduSize	stdDev	min	max
1	1.25	1	1	2	4	250	263500	244	257176	0.00925644	0.00240179	0.00492857	0.0129286	1054	0	1054	1054	
1	1.25	1	2	1	4	250	263500	244	257176	0.00925644	0.00240179	0.00492857	0.0129286	1054	0	1054	1054	
1.25	1.5	1	1	2	4	250	263500	244	257176	0.00925644	0.00240179	0.00492857	0.0129286	1054	0	1054	1054	
1.25	1.5	1	2	1	4	250	263500	244	257176	0.00925644	0.00240179	0.00492857	0.0129286	1054	0	1054	1054	
1.5	1.75	1	1	2	4	250	263500	250	263500	0.00934457	0.00243859	0.00492857	0.0129286	1054	0	1054	1054	
1.5	1.75	1	2	1	4	250	263500	250	263500	0.00934457	0.00243859	0.00492857	0.0129286	1054	0	1054	1054	
1.75	2	1	1	2	4	250	263500	250	263500	0.00934457	0.00243859	0.00492857	0.0129286	1054	0	1054	1054	
1.75	2	1	2	1	4	250	263500	250	263500	0.00934457	0.00243859	0.00492857	0.0129286	1054	0	1054	1054	
2	2.25	1	1	2	4	250	263500	250	263500	0.00934457	0.00243859	0.00492857	0.0129286	1054	0	1054	1054	
2	2.25	1	2	1	4	250	263500	250	263500	0.00934457	0.00243859	0.00492857	0.0129286	1054	0	1054	1054	
2.25	2.5	1	1	2	4	250	263500	250	263500	0.00934457	0.00243859	0.00492857	0.0129286	1054	0	1054	1054	
2.25	2.5	1	2	1	4	250	263500	250	263500	0.00934457	0.00243859	0.00492857	0.0129286	1054	0	1054	1054	
2.5	2.75	1	1	2	4	250	263500	251	264554	0.00935088	0.00243412	0.00492857	0.0129286	1054	0	1054	1054	
2.5	2.75	1	2	1	4	250	263500	251	264554	0.00935088	0.00243412	0.00492857	0.0129286	1054	0	1054	1054	
2.75	3	1	1	2	4	250	263500	250	263500	0.00932057	0.00240781	0.00492857	0.0129286	1054	0	1054	1054	
2.75	3	1	2	1	4	250	263500	250	263500	0.00932057	0.00240781	0.00492857	0.0129286	1054	0	1054	1054	
3	3.25	1	1	2	4	250	263500	250	263500	0.00932057	0.00240781	0.00492857	0.0129286	1054	0	1054	1054	
3	3.25	1	2	1	4	250	263500	250	263500	0.00932057	0.00240781	0.00492857	0.0129286	1054	0	1054	1054	
3.25	3.5	1	1	2	4	250	263500	250	263500	0.00932057	0.00240781	0.00492857	0.0129286	1054	0	1054	1054	
3.25	3.5	1	2	1	4	250	263500	250	263500	0.00932057	0.00240781	0.00492857	0.0129286	1054	0	1054	1054	
3.5	3.75	1	1	2	4	250	263500	250	263500	0.00932057	0.00240781	0.00492857	0.0129286	1054	0	1054	1054	
3.5	3.75	1	2	1	4	250	263500	250	263500	0.00932057	0.00240781	0.00492857	0.0129286	1054	0	1054	1054	
3.75	4	1	1	2	4	250	263500	251	264554	0.00931502	0.00239459	0.00492857	0.0129286	1054	0	1054	1054	
3.75	4	1	2	1	4	250	263500	251	264554	0.00931502	0.00239459	0.00492857	0.0129286	1054	0	1054	1054	
4	4.25	1	1	2	4	250	263500	250	263500	0.00929657	0.00238649	0.00492857	0.0129286	1054	0	1054	1054	
4	4.25	1	2	1	4	250	263500	250	263500	0.00929657	0.00238649	0.00492857	0.0129286	1054	0	1054	1054	
4.25	4.5	1	1	2	4	250	263500	250	263500	0.00929657	0.00238649	0.00492857	0.0129286	1054	0	1054	1054	
4.25	4.5	1	2	1	4	250	263500	250	263500	0.00929657	0.00238649	0.00492857	0.0129286	1054	0	1054	1054	
4.5	4.75	1	1	2	4	250	263500	250	263500	0.00929657	0.00238649	0.00492857	0.0129286	1054	0	1054	1054	
4.5	4.75	1	2	1	4	250	263500	250	263500	0.00929657	0.00238649	0.00492857	0.0129286	1054	0	1054	1054	
4.75	5	1	1	2	4	250	263500	250	263500	0.00929657	0.00238649	0.00492857	0.0129286	1054	0	1054	1054	
4.75	5	1	2	1	4	250	263500	250	263500	0.00929657	0.00238649	0.00492857	0.0129286	1054	0	1054	1054	
5	5.25	1	1	2	4	250	263500	251	264554	0.00928315	0.0023744	0.00492857	0.0129286	1054	0	1054	1054	
5	5.25	1	2	1	4	250	263500	251	264554	0.00928315	0.0023744	0.00492857	0.0129286	1054	0	1054	1054	
5.25	5.5	1	1	2	4	250	263500	250	263500	0.00927257	0.00237492	0.00492857	0.0129286	1054	0	1054	1054	
5.25	5.5	1	2	1	4	250	263500	250	263500	0.00927257	0.00237492	0.00492857	0.0129286	1054	0	1054	1054	
5.5	5.75	1	1	2	4	250	263500	250	263500	0.00927257	0.00237492	0.00492857	0.0129286	1054	0	1054	1054	
5.5	5.75	1	2	1	4	250	263500	250	263500	0.00927257	0.00237492	0.00492857	0.0129286	1054	0	1054	1054	
5.75	6	1	1	2	4	250	263500	250	263500	0.00927257	0.00237492	0.00492857	0.0129286	1054	0	1054	1054	
5.75	6	1	2	1	4	250	263500	250	263500	0.00927257	0.00237492	0.00492857	0.0129286	1054	0	1054	1054	
6	6.25	1	1	2	4	250	263500	251	264554	0.0092712	0.00237026	0.00492857	0.0129286	1054	0	1054	1054	
6	6.25	1	2	1	4	250	263500	251	264554	0.0092712	0.00237026	0.00492857	0.0129286	1054	0	1054	1054	
6.25	6.5	1	1	2	4	250	263500	250	263500	0.00924857	0.00237321	0.00492857	0.0129286	1054	0	1054	1054	
6.25	6.5	1	2	1	4	250	263500	250	263500	0.00924857	0.00237321	0.00492857	0.0129286	1054	0	1054	1054	
6.5	6.75	1	1	2	4	250	263500	250	263500	0.00924857	0.00237321	0.00492857	0.0129286	1054	0	1054	1054	
6.5	6.75	1	2	1	4	250	263500	250	263500	0.00924857	0.00237321	0.00492857	0.0129286	1054	0	1054	1054	
6.75	7	1	1	2	4	250	263500	250	263500	0.00924857	0.00237321	0.00492857	0.0129286	1054	0	1054	1054	
6.75	7	1	2	1	4	250	263500	250	263500	0.00924857	0.00237321	0.00492857	0.0129286	1054	0	1054	1054	
7	7.25	1	1	2	4	250	263500	250	263500	0.00924857	0.00237321	0.00492857	0.0129286	1054	0	1054	1054	
7	7.25	1	2	1	4	250	263500	250	263500	0.00924857	0.00237321	0.00492857	0.0129286	1054	0	1054	1054	
7.25	7.5	1	1	2	4	250	263500	251	264554	0.00923933	0.0023713	0.00492857	0.0129286	1054	0	1054	1054	
7.25	7.5	1	2	1	4	250	263500	251	264554	0.00923933	0.0023713	0.00492857	0.0129286	1054	0	1054	1054	
7.5	7.75	1	1	2	4	250	263500	250	263500	0.00922457	0.0023814	0.00492857	0.0129286	1054	0	1054	1054	
7.5	7.75	1	2	1	4	250	263500	250	263500	0.00922457	0.0023814	0.00492857	0.0129286	1054	0	1054	1054	
7.75	8	1	1	2	4	250	263500	250	263500	0.00922457	0.0023814	0.00492857	0.0129286	1054	0	1054	1054	
7.75	8	1	2	1	4	250	263500	250	263500	0.00922457	0.0023814	0.00492857	0.0129286	1054	0	1054	1054	
8	8.25	1	1	2	4	250	263500	250	263500	0.00922457	0.0023814	0.00492857	0.0129286	1054	0	1054	1054	
8	8.25	1	2	1	4	250	263500	250	263500	0.00922457	0.0023814	0.00492857	0.0129286	1054	0	1054	1054	
8.25	8.5	1	1	2	4	250	263500	250	263500	0.00922457	0.0023814	0.00492857	0.0129286	1054	0	1054	1054	
8.25	8.5	1	2	1	4	250	263500	250	263500	0.00922457	0.0023814	0.00492857	0.0129286	1054	0	1054	1054	
8.5	8.75	1	1	2	4	250	263500	251	264554	0.00920347	0.00239001	0.00492857	0.0129286	1054	0	1054	1054	
8.5	8.75	1	2	1	4	250	263500	251	264554	0.00920347	0.00239001	0.00492857	0.0129286	1054	0	1054	1054	
8.75	9	1	1	2	4	250	263500	250	263500	0.00920057	0.00239938	0.00492857	0.0129286	1054	0	1054	1054	
8.75	9	1	2	1	4	250	263500	250	263500	0.00920057	0.00239938	0.00492857	0.0129286	1054	0	1054	1054	
9	9.25	1	1	2	4	250	263500	250	263500	0.00920057	0.00239938	0.00492857	0.0129286	1054	0	1054	1054	
9	9.25	1	2	1	4	250	263500	250	263500	0.00920057	0.00239938	0.00492857	0.0129286	1054	0	1054	1054	
9.25	9.5	1	1	2	4	250	263500	250	263500	0.00920057	0.00239938	0.00492857	0.0129286	1054	0	1054	1054	
9.25	9.5	1	2	1	4	250	263500	250	263500	0.00920057	0.00239938	0.00492857	0.0129286	1054	0	1054	1054	
9.5	9.75	1	1	2	4	250	263500	250	263500	0.00920057	0.00239938	0.00492857	0.0129286	1054	0	1054	1054	
9.5	9.75	1	2	1	4	250	263500	250	263500	0.00920057	0.00239938	0.00492857	0.0129286	1054	0	1054	1054	
9.75	10	1	1	2	4	250	263500	251	264554	0.0091716	0.00242171	0.00492857	0.0129286	1054	0	1054	1054	
9.75	10	1	2	1	4	250	263500	251	264554	0.0091716	0.00242171	0.00492857	0.0129286	1054	0	1054	1054	
